1958 315.33125                   
1959 315.9741666666667
1960 316.90749999999997
1961 317.63750000000005
1962 318.4508333333333
1963 318.9941666666667
1964 319.20444444444445
1965 320.0441666666667
1966 321.38333333333327
1967 322.1575
1968 323.045
1969 324.62416666666667
1970 325.68
1971 326.32
1972 327.4533333333333 
1973 329.6766666666667
1974 330.185
1975 331.16363636363633
1976 332.04
1977 333.83166666666665
1978 335.40333333333336
1979 336.84166666666664
1980 338.7516666666667
1981 340.10499999999996
1982 341.4475
1983 343.0541666666666
1984 344.4509090909091
1985 346.11583333333334
1986 347.42083333333335
1987 349.19416666666666
1988 351.56750000000005
1989 353.1208333333334
1990 354.39416666666665
1991 355.6075
1992 356.4458333333334
1993 357.09999999999997
1994 358.8325
1995 360.82
1996 362.6066666666666
1997 363.7291666666667
1998 366.6991666666667
1999 368.3775
2000 369.54833333333335
2001 371.1424999999999
2002 373.27916666666664
2003 375.8016666666667
2004 377.52250000000004
2005 379.7958333333333
2006 381.89583333333326
2007 383.7916666666667
2008 385.6041666666667
2009 387.43
2010 389.89916666666664
2011 391.65166666666664
2012 393.8533333333334
2013 396.5208333333333
2014 398.6475
2015 400.8341666666667
2016 404.2391666666667
2017 406.55333333333334
