 10   9   9
  3   8  10
  7   9   2
  9   7   3
  7   2   5
 10   7   1
  7   6   5
  4   1   6
  6  10   4
  4   4   1
 10   4   3
  3   8   7
  1   4   9
  9   5   8
  3   6   8
  7   1   7
  5   7   7
  9   4   9
  4   9   9
 10   2   3
  6   8   3
  6   9   3
  5   5   1
 10   4   7
  2  10   2
  1  10   2
  9   1   9
  6   3   4
  3   4   6
  3   7   4
  5   8   5
  4   2   3
  6   6   4
  5   9   9
  9   3   7
  1   8   6
 10   6   2
  2  10   2
  1   4   8
  1   8   2
  9   8   5
  8   8   5
  2   4   1
  3   2   9
  8   8   2
  7   5   5
  3   1   2
  1   9   3
  7   2   9
  4  10   4
  7   3   8
  4   4  10
  2  10   4
  9   8   8
  4   4   8
  9   1   9
  1   7   7
  8   2  10
  1   2   1
  6   3   6
  6   3   5
  6   3   5
  1   6   7
  2  10   5
  5   7   1
  4   9   1
  2   8   4
  7   6   2
  7   1  10
  5  10   8
  2   9   2
  9   9   3
  3   8   8
 10   7   4
  6   9   8
  8   1   7
  1   5   9
  2   8   2
  6   4   5
  7   7   4
  8   6  10
  8   4   5
  5   8  10
  7  10   2
  7   5   6
 10   3   5
  4   7   1
  7   6   7
  2   6   9
  9   4   7
  3   4   7
  2   2   3
  2   5   4
  8   5  10
  4   2   3
  6   1   9
  8   1   4
  2   3   5
  2  10   9
  1  10   8
